alpha_v: 1.0
alpha_n: 0.01
gamma_0: 1.0
kappa_0: 0.029999999999999999
nu_0: 5.0
gamma: 10.0
beta: 0.40000000000000002
initial sigma: 100.0
sitck break limit: 50
vision_increment: 1.0
name_increment: 5.0
psi: [matrix([[ 0.1,  0. ,  0. ,  0. ]])
matrix([[ 0. ,  0.1,  0. ,  0. ]])
matrix([[ 0.,  0.,  5.,  0.]])
matrix([[ 0.,  0.,  0.,  5.]])]