2.302582177296620078e-05 1.321516562828371830e-05 6.588083278282805383e-08 7.527722202075732751e-08 3.697503068723333453e-01 6.092601348851183207e-01 4.957938679232909725e-07 2.095268030322441910e-02
1.703693613984052965e-05 5.825576447918483537e-08 1.272129127104882707e-04 7.216686987688714083e-02 1.719623425214407975e-01 1.653182125636669007e-12 7.241340747269393585e-01 3.159240476846453954e-02
7.659517738643336626e-01 6.187574602331453479e-05 1.237135354772894991e-01 9.448011946634636484e-05 9.071052252694236751e-07 1.398245297781546687e-02 9.615514040125634765e-02 3.983430858991516876e-05
3.462781664632650933e-10 9.054112487331994474e-01 1.032092539650395630e-02 8.426502561179693984e-02 6.071300175531113850e-20 1.168394994719539486e-08 6.216687590705476131e-19 2.788228271555657850e-06
2.132137577554720637e-02 6.767024055912448932e-02 7.630653156990813998e-07 5.152086288250838642e-02 3.376109897763984735e-02 1.520852350897637282e-04 2.462572111210674409e-15 8.255735735047721180e-01
7.455667024542859955e-02 3.152951914711962725e-07 2.493315052544540237e-13 7.760702432469179573e-04 9.893587123843071972e-10 9.242889038008204050e-01 3.780394257029195742e-04 1.532117802402529270e-15
2.092033964135210232e-04 2.538473821433731917e-02 3.770806934255069025e-17 8.404454437631792778e-08 1.901313094358486611e-01 2.964096175220797824e-01 4.863657301016947598e-01 1.499317285081444573e-03
3.760364242170631948e-06 9.567411709282680476e-02 8.677775441094056630e-01 1.091483217473833951e-09 2.949757615436156971e-02 3.119854633830325359e-05 7.123888905095559913e-09 7.015795517453375305e-03
1.556024363846616158e-08 3.202806732690287594e-01 3.613889089143143539e-07 9.792150594663002333e-04 6.750522724948918585e-01 3.684957083073286954e-03 2.499568567337461498e-06 5.575820170754231571e-09
6.747880698217889259e-04 8.404848919107052452e-02 2.016827026058414657e-02 2.154173766625699666e-03 8.757769681764874248e-01 1.692543233451145740e-02 2.518401855916027696e-04 3.801530725120576739e-08
6.101870750047394543e-03 1.534625435261122439e-01 1.273426553444604999e-05 2.592486347363596837e-03 8.309909550819225554e-01 2.761998330371615019e-06 3.807891876987960134e-08 6.836609951770582054e-03
8.302127514104192668e-03 4.179715140209525753e-02 1.024177030163457708e-01 2.904207127607767247e-04 3.939085890656363461e-16 1.266312643208805100e-01 6.257984948295366828e-07 7.205607072353182874e-01
3.397225308265738052e-15 4.078013195363804961e-08 1.302345471355423350e-18 6.172751226163690597e-11 6.449769404619422053e-01 3.421197139273599030e-01 1.110066689681807155e-02 1.802637872016964226e-03
7.846414245008167794e-06 1.301792321827969223e-01 1.671938875452847473e-01 2.236254967774563198e-03 2.548644379790950820e-01 1.741937341586147648e-04 4.453439757617508876e-01 1.714148940469336615e-07
1.304689856605140141e-02 4.988929923227976987e-02 9.675926796678601484e-06 4.068211911804652979e-08 6.287451566925817393e-06 9.357970847394905256e-01 1.248555989671020416e-03 2.157412024500664106e-06
1.736078020296298596e-01 1.478869131766926553e-02 2.342056670706382793e-01 7.633835212022847571e-20 5.509090064214570148e-01 2.315519735994389389e-03 3.212267661961092908e-11 2.417331339248834574e-02
1.103321563726127896e-19 1.382573206615917580e-06 1.193757749432091189e-03 1.964925209528840637e-03 9.941669640070218694e-01 1.218318190102907591e-04 1.338834426262340916e-13 2.551138641666421489e-03
1.294594006904705233e-02 7.877633644086874155e-05 8.281873572762740165e-01 1.302465616554734127e-07 2.634532634425004650e-06 7.951346592791951273e-06 1.461708523652598211e-03 1.573155016687965979e-01
2.282339709053405816e-03 2.321117534862447871e-08 6.141371717923431060e-04 4.793145432624476565e-02 8.955659026526293050e-14 5.186511698637094180e-13 7.266210477016044056e-01 2.225509978795216226e-01
4.966344682473704860e-04 5.615262549088963738e-03 1.476680231401061305e-01 2.419887787244150440e-21 5.846753558539329321e-01 1.244209540708941623e-02 2.476273069398073068e-01 1.475321641727777178e-03
7.619725812273435706e-01 3.540350655552230389e-03 5.247300877377597105e-04 4.091098788243074597e-08 2.035681936140587567e-02 2.598953360092019543e-08 2.095998269836039374e-01 4.005624783835097687e-03
8.279641426055444065e-01 1.039919597415083080e-01 3.162866409731764777e-02 4.816917542193646358e-05 3.525703697333704872e-06 6.067821314546500977e-03 3.028071059260024206e-02 1.500676936372052855e-05
8.756273160160700327e-06 5.304159127805643013e-08 1.572131619274262648e-02 4.264966897837557669e-02 2.426411481096143223e-10 8.124466889806851722e-01 6.694832183556909642e-05 1.291065679689684109e-01
9.672311887572382361e-01 1.427489910123364697e-15 7.030075680386165407e-06 3.060745529884354409e-03 1.205212655977289223e-06 3.300015342317299941e-06 2.886741078833517148e-05 2.966766299840901955e-02
7.329309626172541550e-04 1.842716685276558257e-04 5.086059509965246833e-02 3.348413818213761401e-06 3.666215117035054284e-06 1.484545559173891006e-02 3.385605171433680736e-08 9.333696981924767266e-01
1.444266139750609995e-02 1.589176806567611788e-02 2.795774286393757913e-01 3.066465674752457682e-01 3.051963246671537400e-01 3.397656605442842676e-02 5.155753304833256626e-03 3.911293039578068315e-02
2.411548795076592141e-03 8.298817970502168073e-01 3.128211286202043203e-08 8.457630803785777529e-02 4.980365852290122297e-02 1.890552174720260593e-06 1.010191305468714513e-07 3.332466474052946104e-02
2.263853035439962241e-09 2.473108439827664811e-09 4.866615275448585853e-01 1.930462460213966738e-02 4.841195796849875332e-01 2.263011052373522397e-04 9.687887913242848592e-03 7.441257253149499155e-08
2.562775633687348203e-02 6.252731055266421700e-01 3.876776136147213475e-02 1.588121021382084890e-09 1.641199385749377665e-16 1.318675274028943245e-11 3.103313751732237891e-01 4.805206510843470743e-13
4.789799855094013645e-12 2.270356638129530571e-08 1.186223040854786300e-04 5.837015274352691518e-02 8.523343400121868862e-01 6.440037180915418602e-02 2.476949264877727555e-02 6.997773913075888084e-06
5.087456838990345870e-02 7.697555676398446833e-08 8.680577759914314129e-01 6.058496062733659284e-06 8.106130081220450090e-02 4.151571385996190459e-19 2.191630635603808302e-07 1.717777791155106973e-10
3.788126604307539296e-09 8.089257622893935615e-09 5.455133781241277821e-09 8.307324782022464669e-19 4.104885647487792934e-14 2.520198953175676118e-02 9.747979815414741234e-01 1.159421023245591724e-08
9.811086347499521632e-02 2.822576636198968064e-02 4.688605222126801531e-03 8.412605032856754761e-01 3.317920165225494375e-06 2.079787538198916431e-44 2.755955736534490899e-02 1.513863697026320509e-04
5.377924691141218183e-01 1.676619015827064372e-06 1.112534486139029544e-06 1.130697395981879922e-05 3.957253558977663621e-02 5.624377532922889485e-12 1.357654439887299351e-04 4.224851337190266842e-01
2.919865892532291438e-02 3.027186321711266559e-01 1.075775297333478752e-07 6.399667074486777851e-01 8.030022999540245960e-07 2.808569918318336300e-02 2.024731187160630075e-06 2.736696067251816430e-05
3.474884494651661604e-02 2.842010270255647152e-09 1.417770262961729526e-08 3.118931697089670301e-08 9.399811604093178796e-04 9.621864295768216557e-01 2.124692095596800081e-03 4.011625739513251956e-09
9.275407889993540303e-06 2.078752570274347281e-22 4.691500821231943917e-03 8.556711295248498441e-04 2.944791005421954107e-03 3.890740580642295876e-06 4.987265304437021006e-03 9.865076055909135500e-01
2.354784704521173914e-05 7.854060884861668868e-02 1.934067368579068100e-09 2.062065839433095636e-05 2.386963046385669966e-04 8.559952277886327676e-02 3.664943179295367115e-02 7.989275698354209032e-01
7.439412149036732369e-02 9.332257271067566670e-11 1.685609933329441533e-03 5.174263835231526221e-01 7.894070167854168058e-04 1.886656905884348881e-02 1.187489637063459620e-16 3.868379088841992219e-01
1.386108075739928914e-03 4.827212545096752454e-03 6.778656090475883387e-04 3.558669653464414662e-01 6.361194507408906018e-01 1.106931624845435610e-03 3.224354474388644783e-06 1.224170346388985343e-05
2.127570870905837463e-01 2.689169043271740512e-06 1.941305110723261823e-16 1.904111638483045876e-01 8.857350815848143329e-05 4.415339080464293908e-01 1.452661920249893324e-01 9.940386312490910592e-03
2.862582573018647198e-04 2.601392091548945527e-05 3.815862832664495511e-05 5.196974798049022327e-10 1.144753793720554476e-02 8.999273123566995790e-07 2.037693204034244938e-03 9.861634376052061945e-01
8.711793723742004836e-02 2.812950273790649266e-04 1.579900485811463737e-11 8.613976386303502653e-02 4.989839298811349910e-01 3.124841978786970786e-01 1.107896278389805013e-02 3.913913312636592597e-03
2.672038015814281719e-07 1.409619239875854549e-17 4.582486805664983537e-02 5.296278705358300392e-07 1.469133233649513125e-05 3.310620302841208693e-05 1.779177765624525341e-11 9.541265375585213926e-01
1.451626086506248581e-01 8.441267776073501095e-01 9.040448224768808556e-08 3.452963664447931437e-03 1.445243890095863470e-03 5.512537760669022208e-03 5.064122526579663405e-33 2.997780223300988180e-04
2.291188350215285701e-11 6.560814942978720381e-04 8.894836254142616250e-01 6.344152513763809094e-05 8.577681886808892408e-16 1.097870200405536983e-01 9.831500779381978174e-06 2.057064890521342331e-12
5.901722927167201358e-06 5.631742106402282912e-06 4.398198339321031380e-02 1.039327082325517820e-01 7.086155266001792486e-08 1.347538755836289750e-31 2.079718430861732458e-12 8.520737040455720335e-01
7.059610611320522588e-01 3.419673792061544336e-05 5.137942446605493763e-02 4.319523475833806178e-13 6.641510284428141587e-06 7.646141415358698179e-02 7.613409251282144850e-04 1.653959210745403752e-01
8.962671110063551389e-05 5.864477049274054998e-01 7.482103519442374414e-13 3.866335360152935441e-01 6.292406710451702197e-03 2.047110532409404660e-02 6.326723886467518015e-05 2.353072041497967366e-06
1.436338994391169743e-01 5.680364853611336659e-07 1.452770801747881969e-05 1.155559171884075476e-01 7.398902199386085954e-01 7.322407460060067909e-07 9.029545905653725123e-04 1.180858052641916377e-06
